0
0
-0.000001
-0.000001
0
-0.000001
-0.000005
-0.00001
-0.000008
-0.000022
-0.00001
-0.000015
-0.000015
-0.000035
-0.000033
-0.000042
-0.00003
-0.000039
-0.000014
-0.000005
0.000019
0.000013
-0.000002
-0.000057
-0.000097
-0.000176
-0.000181
-0.000222
-0.000221
-0.000267
-0.000305
-0.000221
-0.000288
-0.000276
-0.000262
-0.000327
-0.000343
-0.000389
-0.000456
-0.000489
-0.00051
-0.0006
-0.000449
-0.000562
-0.00046
-0.000471
-0.000532
-0.000556
-0.000673
-0.000513
-0.000595
-0.000444
-0.000446
-0.000402
-0.000225
-0.000358
-0.000236
-0.000295
-0.000171
-0.000059
-0.000352
-0.000165
-0.000203
-0.000381
-0.000664
-0.001053
-0.001031
-0.000583
-0.000682
-0.000553
-0.000708
-0.000224
-0.000571
-0.000251
-0.000377
0.000111
0.000017
-0.000412
-0.00028
-0.000209
-0.000023
-0.000239
-0.000156
-0.000043
-0.000087
0.000189
0.000334
0.000248
0.000991
0.000608
0.000031
-0.000361
-0.000463
-0.001081
-0.000448
-0.000864
-0.000869
-0.001435
-0.001624
-0.001299
-0.00163
-0.00161
-0.001791
-0.001034
-0.000813
-0.001787
-0.001493
-0.001651
-0.001667
-0.00221
-0.001804
-0.002434
-0.001502
-0.002195
-0.000959
-0.001347
-0.002075
-0.001097
-0.001774
-0.00221
-0.001994
-0.002832
-0.002243
-0.003469
-0.002895
-0.003765
-0.001925
-0.001604
-0.000494
0.000006
0.000268
-0.000315
0.00069
-0.000549
0.00031
-0.001864
-0.001828
-0.001268
-0.002068
-0.001992
-0.003422
-0.00247
-0.002766
-0.002494
-0.002276
-0.001407
-0.001322
-0.000701
0.001194
0.002173
0.002955
0.004085
0.002574
0.003059
0.002013
0.001683
0.001505
0.000979
0.000788
0.000619
0.001624
0.001672
0.001692
0.000474
0.00009
-0.000745
0.000433
0.002045
0.001929
0.004191
0.000916
0.001262
-0.00073
-0.002403
-0.002
-0.000033
0.002083
0.004961
0.006341
0.005825
0.008786
0.012579
0.014558
0.014916
0.015544
0.016473
0.011526
0.0134
0.011482
0.01253
0.011143
0.004997
0.004537
0.003143
0.002978
0.001945
0.000207
0.000036
0.000789
-0.00307
-0.002876
-0.00482
-0.000061
-0.002752
0.000082
-0.001418
0.003376
0.005431
0.004496
0.008655
0.011005
0.008358
0.008908
0.005505
0.003855
-0.001033
-0.00078
-0.001688
-0.002814
-0.00594
-0.007684
-0.009392
-0.012602
-0.012317
-0.010589
-0.008914
-0.00476
-0.005286
0.001304
0.002285
0.004279
-0.000367
-0.002207
-0.008085
-0.006524
-0.009477
-0.009512
-0.007997
-0.008551
-0.004398
-0.003904
-0.00647
-0.009136
-0.010861
-0.006152
-0.00791
-0.002988
0.000654
0.003115
0.000219
-0.002415
-0.008895
-0.011157
-0.010489
-0.013425
-0.005727
-0.01035
-0.007157
-0.007696
-0.006153
-0.00773
-0.009482
-0.010591
-0.00696
-0.006313
0.002445
0.001076
0.010459
0.014507
0.012025
0.019774
0.019491
0.022886
0.024454
0.020622
0.013125
0.005856
0.005306
0.001348
0.004752
0.007828
0.008415
0.013666
0.011206
0.01344
0.010461
0.006543
0.01028
0.004807
0.001723
-0.002466
-0.002252
-0.00511
-0.000943
-0.000546
-0.000878
-0.001316
-0.010794
-0.008542
-0.011018
-0.013427
-0.020251
-0.018407
-0.020018
-0.018159
-0.017079
-0.013181
-0.008344
-0.00966
-0.008542
-0.008679
-0.00812
0.004908
-0.00451
0.000784
0.001558
0.016541
0.012557
0.017979
0.017918
0.032489
0.029277
0.031489
0.032469
0.03162
0.024916
0.016702
0.015149
0.019354
0.014063
0.018833
0.016708
0.015721
0.022342
0.01109
0.008507
0.002201
-0.005315
0.002082
0.001266
0.010909
0.008489
0.017608
0.025053
0.020426
0.024928
0.024913
0.028258
0.036032
0.030667
0.035485
0.030794
0.030869
0.027793
0.035763
0.035448
0.030364
0.037992
0.025444
0.027535
0.029487
0.03464
0.035819
0.03994
0.037149
0.045931
0.05547
0.053522
0.052789
0.048106
0.039557
0.032279
0.018728
0.026883
0.022341
0.023434
0.009884
0.013118
0.000319
0.01494
0.020079
0.018241
0.021279
0.012916
0.015403
0.013853
0.017841
0.01582
0.018643
0.015127
0.017288
0.002854
-0.004528
-0.009073
-0.006024
-0.001694
-0.001677
-0.011626
-0.005228
-0.012328
-0.010399
0.000963
0.002025
0.010524
0.007756
0.009662
0.007677
-0.006578
0.012264
0.00627
0.009232
0.008353
0.002702
0.010911
0.005236
-0.001841
-0.001841
-0.020677
-0.014911
-0.03506
-0.029844
-0.047128
-0.037994
-0.04595
-0.051619
-0.047279
-0.033167
-0.031119
-0.022013
-0.004266
0.009959
0.001972
0.007217
-0.00548
0.00211
-0.018996
-0.028334
-0.03063
-0.002701
-0.010011
-0.008096
-0.007102
-0.012959
-0.00169
-0.014231
-0.006175
0.000354
0.009274
-0.004436
0.007996
0.012261
0.014144
0.022918
0.01822
0.016156
0.018078
0.019839
0.028009
0.025935
0.027523
0.037905
0.028671
0.020099
0.01259
0.004659
0.005821
0.00841
0.000541
0.005658
0.0125
0.005082
0.019371
0.016019
0.026554
0.009053
-0.005105
-0.007915
-0.026649
-0.023667
-0.015767
-0.038811
-0.029663
-0.04783
-0.020929
-0.019181
-0.020917
-0.015053
-0.025525
-0.003776
-0.003706
0.005403
0.02236
0.022549
0.026437
0.014915
0.008264
-0.003878
0.002822
0.005338
0.005823
0.023373
0.013365
0.004081
-0.032473
-0.026736
-0.04859
-0.026039
-0.027628
0.004247
0.007022
0.024322
0.025782
0.026703
0.017949
0.007527
0.02754
0.037489
0.031289
0.049387
0.047377
0.043422
0.041181
0.037505
0.017238
0.031372
0.037706
0.047325
0.057701
0.06082
0.048839
0.055865
0.01668
0.01282
-0.007256
-0.011817
-0.012778
0.003662
-0.01503
-0.004744
0.009433
0.031518
0.031394
0.01308
-0.002136
0.013659
-0.002582
0.012221
0.003418
0.008878
0.023708
-0.010767
0.019309
0.028903
0.031578
0.023603
0.00459
0.032468
0.014353
0.018787
0.041606
0.032264
0.040406
-0.00631
-0.011133
-0.034822
-0.026501
-0.059058
-0.063147
-0.075989
-0.07047
-0.084964
-0.087312
-0.071022
-0.067842
-0.035613
-0.033342
-0.029814
-0.030752
-0.005117
0.002104
-0.001282
0.008006
0.003229
0.011794
-0.001865
-0.005654
-0.003756
-0.005172
-0.02289
-0.040213
-0.044066
-0.036179
-0.03449
-0.002122
-0.001606
-0.009574
-0.02584
-0.048412
-0.067531
-0.062218
-0.039509
-0.030482
-0.00872
-0.028493
-0.02734
-0.021005
-0.028924
-0.035146
-0.03026
-0.071487
-0.059511
-0.073729
-0.088733
-0.109427
-0.069262
-0.095365
-0.076321
-0.075256
-0.068618
-0.053407
-0.078462
-0.085522
-0.057319
-0.092
-0.045406
-0.101257
-0.081315
-0.111461
-0.101782
-0.082434
-0.096765
-0.081475
-0.076708
-0.064437
-0.056558
-0.035181
-0.019992
0.010774
0.040319
0.074512
0.089875
0.082618
0.106065
0.078999
0.087076
0.067889
0.065977
0.04455
0.044212
0.051739
0.088582
0.129624
0.14439
0.132457
0.139028
0.136756
0.12616
0.100549
0.087131
0.041573
-0.019669
-0.016231
-0.021024
-0.005189
-0.005102
0.033269
0.061405
0.078685
0.046578
0.035882
0.040805
0.050684
0.005161
0.006061
0.011957
0.037178
0.019322
0.03723
0.032932
0.032678
0.031498
0.012075
0.018557
0.029868
0.005546
0.02493
0.017236
0.019448
0.005793
0.034676
0.03301
0.046993
0.087824
0.007001
0.052337
-0.000987
0.023639
0.035209
-0.007654
0.017298
0.03902
0.046372
0.035042
0.031109
0.033806
0.030354
0.013625
0.018957
0.003407
0.007547
0.029382
0.005851
0.030912
0.019628
0.026499
-0.026444
-0.063782
-0.085076
-0.073655
-0.080451
-0.057459
-0.08681
-0.08913
-0.132988
-0.100693
-0.11893
-0.097999
-0.115505
-0.075356
-0.094189
-0.095685
-0.091485
-0.075997
-0.109728
-0.108672
-0.131123
-0.104809
-0.113273
-0.099219
-0.121836
-0.129674
-0.127624
-0.130415
-0.131587
-0.102766
-0.074581
-0.0664
-0.071543
-0.061111
-0.056364
-0.003502
0.045466
0.054145
0.097142
0.073994
0.090928
0.027531
0.054456
0.040832
0.039868
0.094004
0.083606
0.119305
0.079864
0.124636
0.083407
0.061654
0.066528
0.030245
0.103075
0.099164
0.109034
0.177957
0.173378
0.111728
0.090535
0.001266
0.0203
0.0042
0.00341
0.029603
0.018848
-0.036193
-0.037555
-0.024908
0.017638
-0.009339
0.026563
0.043385
0.075129
0.085696
0.081511
0.109373
0.094074
0.041817
0.007149
0.026941
0.026966
0.019578
0.02025
0.034631
0.034889
0.044614
0.003486
0.003257
0.000104
0.082835
0.085884
0.094537
0.094372
0.125886
0.11738
0.130191
0.090319
0.097221
0.021537
0.020914
-0.018656
0.003372
-0.022482
-0.005518
0.01925
0.009519
0.049043
-0.000622
0.003465
-0.00543
0.040172
0.102529
0.055096
0.135893
0.08242
0.080583
-0.033598
-0.022169
-0.022888
0.003259
0.032073
0.033578
0.012472
0.056706
0.040305
0.087836
0.059524
0.076894
0.07891
0.065046
0.093253
0.084892
0.077589
0.170602
0.131622
0.123773
0.156867
0.089371
0.111353
0.063291
-0.001569
-0.046417
-0.098825
-0.164365
-0.193446
-0.213091
-0.188475
-0.181217
-0.169317
-0.203364
-0.133793
-0.09593
-0.043357
-0.008735
0.047173
0.051592
0.062076
0.050726
0.041343
0.017665
-0.021779
-0.087746
-0.090807
-0.102094
-0.116077
-0.067488
-0.07519
-0.041299
-0.067053
-0.016702
-0.030951
-0.081485
-0.094165
-0.114848
-0.017217
-0.04981
0.019545
0.007367
0.097568
0.084565
0.05101
0.112669
0.083589
0.079071
0.02117
0.048587
0.066654
0.037722
0.041704
0.028554
-0.011631
-0.02943
-0.06574
0.002948
-0.033352
-0.017747
-0.07729
-0.093403
-0.116921
-0.104277
-0.123134
-0.072942
-0.114332
-0.043431
-0.13939
-0.140269
-0.086913
-0.06941
-0.074658
-0.070953
-0.103839
-0.035086
-0.120976
-0.083644
-0.118253
-0.150574
-0.110797
-0.113506
-0.148466
-0.064674
-0.027766
-0.035294
-0.012221
0.008818
0.026334
0.066147
0.054517
0.053935
0.129484
0.15625
0.155732
0.189126
0.190622
0.232041
0.204525
0.272589
0.183637
0.209541
0.109413
0.133995
0.159483
0.105349
0.079535
-0.022108
0.009916
0.004108
0.123407
0.124681
0.127294
0.132438
0.086813
0.065819
0.020481
0.000132
0.053882
0.037607
0.099694
0.009185
0.021097
-0.013579
-0.017867
-0.030877
-0.077207
-0.121502
-0.102354
-0.122092
-0.128377
-0.164422
-0.112913
-0.110649
-0.15883
-0.159808
-0.172029
-0.131216
-0.137872
-0.209096
-0.22633
-0.284204
-0.299828
-0.252242
-0.231226
-0.081583
-0.117569
-0.076787
-0.047682
-0.096884
-0.103072
-0.101928
-0.099057
-0.058655
-0.09706
-0.019896
0.069449
0.02831
0.05889
0.096277
0.151812
0.124599
0.067179
0.022379
-0.024921
-0.116071
-0.225645
-0.122047
-0.228558
-0.093089
-0.140978
-0.086037
-0.096395
0.000868
-0.046135
-0.063399
0.012527
0.032328
0.064902
0.197525
0.232426
0.351253
0.304164
0.314194
0.167172
0.099971
-0.051028
-0.091549
-0.046155
-0.070668
-0.083402
-0.146802
-0.20798
-0.157159
-0.138404
-0.057381
0.012475
0.076582
0.136469
0.103291
0.10595
0.0918
0.098294
0.07325
-0.011985
0.002112
0.086438
0.091671
0.122057
0.110277
0.166597
0.134796
0.043455
-0.002014
-0.14104
-0.15069
-0.243964
-0.286653
-0.24235
-0.261991
-0.242183
-0.245313
-0.294185
-0.273499
-0.289799
-0.31201
-0.242115
-0.315719
-0.156793
-0.221667
-0.145392
-0.165851
-0.162367
-0.237999
-0.196706
-0.156389
-0.079581
0.075821
0.097798
0.226973
0.222159
0.203218
0.262623
0.21726
0.28041
0.24059
0.194127
0.162846
0.106564
0.115444
0.074648
0.113944
-0.066998
-0.045289
-0.011214
0.061978
0.067358
-0.006884
-0.035037
0.027258
-0.070379
-0.135759
-0.162937
-0.08196
-0.170318
-0.053069
-0.004163
-0.047565
-0.014723
0.064122
0.059484
0.082206
-0.000008
-0.009651
-0.059314
-0.096321
-0.096535
-0.089803
-0.05497
-0.098209
-0.200685
-0.172804
-0.222261
-0.088735
-0.17297
-0.089247
-0.071979
0.001257
-0.033389
0.047615
0.031379
0.135372
-0.010968
0.021664
-0.038775
-0.058179
-0.038974
-0.188681
-0.101852
-0.123824
-0.098363
-0.033094
0.016618
0.08433
0.105448
0.116698
0.07477
0.096684
0.099706
0.171028
0.225955
0.172848
0.247096
0.034333
0.039709
-0.012923
-0.008167
0.045757
0.00055
0.015422
0.055
0.051756
0.060541
0.120109
0.193093
0.107448
0.062655
-0.011073
0.063032
0.113791
0.058266
0.090809
0.038988
0.015115
-0.032694
-0.155461
-0.194864
-0.187363
-0.178586
-0.210711
-0.172679
-0.138104
-0.100009
-0.073709
-0.022021
-0.069383
0.084731
-0.043703
-0.041993
-0.041382
-0.104626
-0.092702
-0.131336
-0.149362
-0.174639
-0.113131
-0.178765
-0.16367
-0.225449
-0.216989
-0.392851
-0.205998
-0.28971
-0.268398
-0.220806
-0.164188
-0.106255
-0.17239
-0.133003
-0.101033
-0.251254
-0.128646
-0.102403
0.116389
0.05755
0.095259
0.036515
0.021549
-0.110141
-0.063156
0.011003
0.020508
0.058405
-0.062585
-0.083672
0.0016
-0.088922
0.002603
-0.075119
-0.033933
-0.031183
-0.068901
-0.043372
-0.064564
-0.051877
0.022726
0.033618
0.063248
0.074408
0.19903
0.253233
0.389912
0.226654
0.205389
0.238215
0.24235
0.177613
0.190847
0.195122
0.345013
0.336785
0.284873
0.289699
0.185711
0.256503
0.18265
0.305526
0.195601
0.16713
-0.015559
-0.068875
-0.064678
-0.00608
-0.008672
0.07427
0.005627
0.081946
0.121234
-0.022952
0.026519
-0.00274
-0.043945
-0.008034
-0.038356
0.0804
-0.01332
0.060838
-0.031775
0.044469
0.178034
0.116093
0.343847
0.382018
0.412279
0.357628
0.272098
0.144971
0.064199
-0.003275
-0.087017
-0.03994
-0.03769
-0.07918
-0.140477
-0.07605
0.113351
0.093651
0.248854
0.239311
0.24417
0.376876
0.278
0.268044
0.210561
0.165846
0.130494
-0.052916
0.009692
0.102067
0.168995
0.06168
0.166624
0.046485
0.044369
-0.11084
-0.039384
-0.176451
-0.093112
-0.157626
0.087875
0.004029
0.110048
0.173187
0.12953
0.049882
-0.143199
-0.283794
-0.24946
-0.277527
-0.186379
-0.040614
0.059712
0.012498
-0.021413
-0.04714
-0.018208
-0.095026
-0.06571
-0.167738
-0.03764
-0.027939
-0.030507
0.117898
-0.027897
0.031807
-0.149745
-0.16138
-0.037104
-0.097213
-0.060362
-0.146656
-0.095863
-0.165504
-0.133389
-0.048647
-0.008709
0.168845
0.209433
0.265772
0.340611
0.314795
0.286176
0.369371
0.298168
0.068137
0.040579
-0.03552
-0.057254
0.030771
-0.105401
0.061938
-0.105106
-0.142325
-0.403091
-0.417778
-0.365932
-0.280069
-0.271282
-0.155473
-0.172356
0.062087
0.114013
-0.025294
0.005454
-0.020055
-0.008
-0.115411
-0.109995
-0.252431
-0.210993
-0.256592
-0.200734
-0.091956
-0.061335
0.027846
0.032161
0.047243
0.172907
0.053569
0.050484
0.064665
0.039124
-0.089439
-0.098864
-0.160411
0.035389
-0.083212
0.036315
-0.066858
-0.136921
-0.07985
-0.05135
0.067812
0.030079
0.152797
0.151863
0.08199
0.449738
0.459767
0.626279
0.526766
0.585955
0.650757
0.581143
0.439712
0.45676
0.38281
0.310667
0.108267
0.187643
0.073528
0.175833
-0.004756
0.133323
0.012336
0.014659
-0.178638
-0.218164
-0.294536
-0.29939
-0.028739
-0.035124
-0.039219
-0.101286
-0.258747
-0.268661
-0.236519
-0.405801
-0.22102
-0.22993
-0.213784
-0.25861
-0.267639
-0.155261
-0.157312
-0.090505
-0.085005
-0.000969
0.139043
0.118047
0.188328
0.288746
0.371214
0.207088
0.269517
0.135147
0.027808
-0.040987
-0.151488
-0.19606
-0.216498
-0.365923
-0.347246
-0.13476
-0.089041
0.137471
0.167244
0.175772
0.143347
-0.081686
0.071376
-0.148339
-0.093963
-0.136523
-0.164884
-0.160626
-0.253556
-0.256523
-0.385652
-0.447001
-0.421254
-0.580605
-0.397518
-0.430448
-0.376616
-0.493426
-0.691152
-0.661897
-0.8237
-0.814108
-0.839425
-0.541668
-0.473876
-0.109788
-0.261206
-0.185077
-0.043585
0.211294
0.191452
0.226498
0.216479
0.219449
0.013881
0.004019
-0.047856
0.070412
0.094349
0.083053
0.160753
0.141688
0.182068
0.368366
0.105798
0.238147
0.110168
0.178451
0.222315
0.236639
0.18985
0.133169
-0.075787
-0.150077
-0.090982
-0.173193
-0.219934
-0.05185
0.051542
0.030993
-0.131069
-0.013431
-0.021237
0.116613
0.014695
0.088432
-0.044014
0.033917
-0.146703
-0.071819
0.093606
-0.154161
-0.0595
-0.057004
-0.039922
0.158002
0.015595
0.012866
-0.096398
-0.231062
-0.263027
-0.51921
-0.372577
-0.631255
-0.480098
-0.664591
-0.682634
-0.82955
-0.776933
-0.674697
-0.683496
-0.756245
-0.754893
-0.665269
-0.536524
-0.42487
-0.426638
-0.248942
-0.156365
-0.306971
-0.253553
-0.133677
-0.062433
0.012405
0.07411
0.224607
0.372094
0.226718
0.202278
-0.01661
-0.126172
-0.065617
0.011371
0.210879
0.1244
0.285358
0.18839
0.28079
0.556042
0.567797
0.722347
0.839129
0.8477
0.870276
0.915164
0.822051
0.758122
0.505984
0.287532
0.201686
-0.10336
-0.050955
-0.173498
-0.149511
-0.302749
-0.188318
-0.485377
-0.513851
-0.58851
-0.585622
-0.550268
-0.333557
-0.192516
0.095726
-0.16478
0.116186
-0.119703
0.05796
-0.241007
-0.452616
-0.269511
-0.380256
-0.289982
-0.170547
-0.09584
-0.05209
-0.068938
-0.173535
-0.317427
-0.153612
-0.039039
0.073414
0.106537
0.197407
0.246458
0.288406
0.055597
0.02654
0.131563
0.18399
0.107954
0.080279
0.126985
0.178005
0.225328
0.316357
0.401102
0.146055
0.0556
-0.096578
-0.176374
-0.084762
-0.316074
-0.183478
-0.180903
-0.234295
-0.290178
-0.300408
-0.075231
-0.090539
-0.005724
-0.151999
-0.153608
-0.286734
-0.331166
-0.539884
-0.347216
-0.399052
-0.200175
-0.131201
-0.080601
0.057322
0.088497
0.07818
0.245953
0.037249
-0.005928
0.043213
0.168499
0.134956
0.234531
0.342836
0.196776
0.384752
0.217533
0.555136
0.301927
0.068586
-0.095398
-0.382103
-0.336376
-0.484376
-0.524715
-0.362234
-0.209488
0.030652
-0.00494
0.152539
0.324427
0.337431
0.300402
0.36621
0.18229
0.267296
0.286336
0.326893
0.195773
0.153926
-0.130061
-0.202461
-0.29126
-0.278457
-0.181971
-0.100508
-0.189136
-0.164546
-0.142346
-0.150516
-0.065902
0.247466
0.104861
0.395133
0.250722
0.444019
0.209873
0.233728
0.255063
0.267494
0.200353
0.311353
0.330633
0.508099
0.449918
0.375422
0.353823
0.207071
0.117679
0.187774
0.274631
0.26492
0.153272
0.102552
0.129131
0.184646
0.562405
0.442552
0.612433
0.528978
0.486444
0.384562
0.09315
0.053485
-0.035192
0.041121
-0.127492
0.105349
0.297797
0.24942
0.28138
-0.061763
0.132245
0.117166
-0.061173
-0.019074
-0.039008
-0.029101
0.049942
-0.049206
0.017503
-0.074073
-0.120568
-0.167475
-0.195068
-0.082566
-0.089381
-0.127241
-0.025718
-0.016747
0.047852
0.108965
0.368041
0.341693
0.290545
0.035032
0.17393
0.003691
-0.084282
-0.059633
-0.119713
-0.093747
-0.209668
-0.188754
-0.491481
-0.365318
-0.32386
-0.213978
-0.052669
-0.000268
-0.110888
0.160351
0.078157
0.195551
0.118297
0.209305
0.163089
0.170842
0.004412
0.211264
0.241626
0.42406
0.36832
0.44424
0.546188
0.301266
0.308763
0.247478
0.260458
0.310032
0.219923
0.365553
0.110277
0.316635
0.134879
0.194764
0.225965
0.331851
0.329041
0.274893
0.329312
0.427177
0.536591
0.519143
0.252601
0.409117
0.244402
0.270069
0.373391
0.236976
0.138628
0.075239
-0.165021
-0.136362
-0.50814
-0.506008
-0.477264
-0.507168
-0.602109
-0.723265
-0.773838
-0.857684
-0.725702
-0.766728
-0.542121
-0.645314
-0.503803
-0.574769
-0.394143
-0.302666
-0.267921
-0.247706
-0.321945
-0.436733
-0.290217
-0.260062
-0.070789
0.040015
0.28285
0.245214
0.09742
0.051414
-0.015327
0.024601
-0.08615
-0.008276
0.140514
0.154587
0.0828
0.196205
0.102016
0.109868
0.052077
-0.373134
-0.13049
-0.116148
-0.069507
-0.192467
-0.150207
0.013743
-0.124858
0.073837
0.124954
0.397788
0.576973
0.674594
0.857561
0.893342
0.95182
0.871685
0.792116
0.650804
0.344259
0.284444
0.174964
0.245204
0.267705
0.328901
0.309112
0.244644
0.05282
0.106775
0.021241
0.518163
0.25414
0.45784
0.401078
0.375889
0.345027
0.425775
0.208323
0.16011
0.011847
0.073302
0.245887
0.246124
0.242802
0.344423
0.14267
0.03594
-0.17609
-0.162244
-0.144744
-0.236374
-0.226799
-0.274725
-0.126019
-0.036157
-0.03277
-0.052951
-0.173242
-0.003248
-0.031792
-0.047122
-0.162416
-0.057318
-0.188534
-0.168416
-0.145678
0.004849
0.033943
0.023532
0.202822
0.140063
0.383516
0.239763
0.323387
0.542876
0.470918
0.706104
0.623164
0.520632
0.380578
0.071898
-0.024166
-0.259219
-0.255202
-0.301498
-0.0415
-0.088537
-0.062085
0.019825
0.150051
0.098784
0.384236
0.346517
0.499448
0.438443
0.48868
0.214638
0.006676
0.100535
-0.034688
0.103822
-0.01699
0.015639
0.087699
0.14835
0.161632
0.05119
-0.012281
0.107366
-0.003417
0.079149
0.169
0.170969
0.081494
0.001294
-0.170987
-0.005727
-0.236904
-0.380791
-0.102545
-0.083623
-0.03759
-0.146375
-0.230071
-0.157655
-0.180356
-0.10631
-0.139789
0.059912
-0.104187
-0.142798
-0.307864
-0.073057
-0.051304
0.149154
0.158803
0.285906
0.251437
0.045481
-0.052581
-0.225029
-0.375161
-0.290927
-0.443461
-0.242762
-0.578865
-0.304426
-0.326954
-0.175652
-0.205465
-0.283222
-0.262857
-0.271891
-0.464212
-0.295081
-0.306472
-0.278004
-0.195825
-0.209366
-0.203013
-0.285991
-0.128928
-0.234266
-0.128918
-0.317841
-0.383389
-0.368913
-0.460401
-0.285592
-0.220132
-0.127425
0.012025
0.076426
0.183952
0.214366
0.46541
0.542376
0.401717
0.258103
0.021505
0.074676
0.12241
0.008445
0.047123
0.260807
0.239384
0.174753
0.227672
0.150021
0.283022
0.044666
0.159271
-0.131249
-0.254876
-0.162312
-0.182435
-0.073013
0.161237
0.202001
0.231943
0.254718
0.113516
0.084558
0.042198
-0.183231
-0.155287
-0.32728
-0.196642
-0.200881
-0.02506
-0.090214
-0.197072
-0.170381
-0.462088
-0.227906
-0.289239
-0.213415
-0.317466
-0.346301
-0.379309
-0.301284
-0.330343
-0.202729
-0.644269
-0.674844
-0.841271
-0.689421
-0.64675
-0.649276
-0.396527
-0.260824
-0.221793
-0.181312
-0.115
0.1297
0.18709
0.264052
0.163523
0.397455
0.29784
0.15753
0.133693
0.05404
0.045476
0.011008
-0.142516
0.041687
-0.127998
-0.193311
-0.396035
-0.24787
-0.463943
-0.531914
-0.654433
-0.496261
-0.48148
-0.376954
-0.356594
-0.372289
-0.267958
-0.323701
-0.21527
-0.229505
-0.399467
-0.115907
-0.130149
-0.064333
-0.054429
-0.043923
-0.02723
0.035891
0.068648
0.145355
0.308022
0.255763
0.498086
0.260629
0.469167
0.204535
0.010952
-0.131461
-0.303069
-0.306663
-0.1257
-0.072203
-0.060728
0.03843
0.226951
0.08505
0.122393
0.163921
-0.048814
0.079357
0.009705
0.129032
0.111506
-0.073874
0.034835
-0.097384
-0.172911
-0.397911
-0.396981
-0.227585
-0.139763
0.060046
0.172791
0.236772
0.308184
0.180893
0.137008
0.106041
0.370855
0.366486
0.463053
0.480459
0.398425
0.471581
0.255709
0.31469
0.278454
0.398303
0.479332
0.576495
0.444272
0.61613
0.697935
0.689149
0.732312
0.732046
0.739551
0.825537
0.746541
0.908908
0.688718
0.863062
0.57998
0.755177
0.560009
0.546735
0.484371
0.595579
0.383128
0.345028
0.172223
0.017818
0.100387
-0.047492
0.038582
0.115457
-0.139853
-0.235619
-0.421554
-0.269355
-0.017323
0.039044
0.258722
0.415314
0.362511
0.143171
-0.196176
-0.03972
-0.217975
-0.307214
-0.491691
-0.401146
-0.417098
-0.579118
-0.498314
-0.621732
-0.654911
-0.504775
-0.699506
-0.550682
-0.50337
-0.451679
-0.26685
-0.169474
-0.074907
-0.174559
0.057421
0.033343
0.270163
0.362059
0.365013
0.159438
0.05459
0.122293
0.117981
0.112669
0.104179
-0.074971
-0.121143
-0.34089
-0.269579
-0.289769
-0.143463
-0.210166
-0.017356
-0.236326
-0.069692
0.1417
0.12
0.155626
-0.06832
0.054562
-0.016087
-0.014138
-0.115092
-0.093563
-0.245668
-0.265808
-0.302084
-0.315157
-0.354646
-0.423297
-0.442947
-0.495088
-0.409874
-0.330304
-0.361738
-0.063268
-0.00427
-0.021517
0.188568
0.130825
0.264363
0.30533
0.146796
0.312001
0.011159
-0.089437
-0.292843
-0.234413
-0.111519
0.042541
0.135846
0.213022
0.2787
0.567334
0.463702
0.660419
0.429214
0.736398
0.693633
0.698389
0.655352
0.591758
0.622416
0.593148
0.423866
0.453517
0.2713
0.188237
0.000592
0.037532
-0.148532
0.053666
-0.116859
-0.174562
-0.166445
-0.283643
-0.38063
-0.40572
-0.344628
-0.613008
-0.485731
-0.439935
-0.285705
-0.411454
-0.292267
-0.142183
-0.128591
-0.063044
-0.271673
-0.143307
-0.081716
-0.2077
-0.195652
-0.025168
0.045909
0.127707
0.185934
0.316248
0.427371
0.268656
0.203726
0.19532
0.136685
0.084792
0.015654
-0.139164
-0.111184
-0.282009
-0.233443
-0.529876
-0.427501
-0.296072
-0.263556
-0.119905
-0.105891
-0.017079
0.184148
-0.038886
0.232779
0.14187
0.101454
0.206149
0.176853
0.256851
0.229469
0.383911
0.273985
0.215756
0.164777
0.027608
0.151598
0.115129
0.252985
0.401366
0.291694
0.339154
0.06779
0.043788
-0.279652
-0.34011
-0.571588
-0.285524
-0.301068
-0.125851
-0.11618
0.089356
0.40732
0.4842
0.471495
0.382626
0.253063
0.049923
0.016186
-0.024145
-0.081656
0.029863
-0.167943
-0.05237
-0.152198
-0.149459
-0.123382
0.005121
-0.09573
-0.113402
-0.297022
-0.337381
-0.574674
-0.41921
-0.475795
-0.340705
-0.142067
0.109504
-0.011262
0.175654
0.159858
0.161326
0.221328
0.035334
-0.123832
-0.043474
0.059017
0.354668
0.35427
0.44229
0.384739
0.036378
-0.005442
-0.122001
0.282786
0.402155
0.342354
0.466885
0.347434
0.443494
0.409918
0.26294
0.443495
0.242605
0.37893
0.360001
0.534726
0.253201
0.244294
0.22195
0.134279
0.100998
-0.024287
0.24775
0.385429
0.360656
0.236027
0.349276
0.197133
0.14376
0.131299
-0.027968
-0.025006
-0.28634
-0.41464
-0.620231
-0.525692
-0.44265
-0.377899
-0.417134
-0.260806
-0.124505
-0.121692
-0.079844
0.01983
0.068241
0.229706
0.232943
0.360044
0.42241
0.184001
0.089822
-0.159034
-0.243427
-0.303654
-0.282945
-0.361345
-0.180769
-0.187274
-0.099629
-0.168878
-0.125633
-0.144451
0.054602
0.076974
0.207309
0.030144
0.28588
0.136251
0.165129
0.171286
0.030733
0.117243
0.119095
-0.187995
0.011118
-0.225851
-0.135339
-0.401481
-0.31218
-0.434634
-0.744217
-0.645732
-0.777363
-0.598076
-0.500225
-0.434701
-0.358586
-0.297138
-0.263464
-0.399113
-0.382322
-0.522261
-0.371086
-0.56268
-0.534472
-0.597298
-0.508546
-0.522535
-0.330252
-0.321265
-0.260828
-0.0693
-0.089632
-0.046088
-0.029712
-0.081063
0.04068
0.083779
0.028398
0.0638
-0.04017
-0.067306
-0.088151
-0.001442
-0.165244
-0.086606
-0.101255
0.173314
0.26493
0.210112
0.213951
0.359901
0.304452
0.285858
0.198573
0.44366
0.41315
0.332412
0.404061
0.551738
0.459748
0.452741
0.401083
0.267023
0.194476
0.04449
-0.009715
-0.047548
-0.237707
-0.123646
-0.10054
-0.103248
-0.016094
-0.26354
-0.001013
-0.222788
-0.018327
-0.110295
-0.268461
-0.072429
-0.364033
-0.416246
-0.478582
-0.311974
-0.24763
-0.289572
-0.384758
-0.417552
-0.2684
-0.324406
-0.389539
-0.440245
-0.233293
-0.354217
-0.165262
-0.227767
-0.152995
-0.091723
0.05963
-0.001079
0.176886
0.077153
-0.005034
-0.091071
0.16019
0.114872
0.360318
0.194208
0.171732
0.024562
0.071209
0.185777
0.265099
0.145181
0.226685
0.088329
-0.017578
-0.001616
0.181234
0.167926
0.240933
0.085126
-0.040796
-0.023962
-0.172867
-0.209556
-0.174524
-0.177551
-0.173484
-0.250576
-0.270703
-0.083118
0.006087
0.050154
-0.025337
-0.013503
-0.040872
0.177249
0.290758
0.552661
0.645021
0.463871
0.615088
0.208821
0.283802
-0.031099
-0.289515
-0.310737
-0.590098
-0.435624
-0.578412
-0.401232
-0.393262
-0.277427
-0.179453
-0.192006
-0.358624
-0.145026
-0.188395
-0.202129
-0.260801
-0.212597
-0.192568
-0.282043
-0.430665
-0.368391
-0.515388
-0.59128
-0.552914
-0.306797
-0.316443
-0.363886
-0.227852
-0.301062
-0.400469
-0.575722
-0.587763
-0.528815
-0.309801
-0.320886
-0.338518
-0.270884
-0.326072
-0.550613
-0.516777
-0.695775
-0.483415
-0.32289
-0.154265
-0.114428
0.05392
-0.06504
-0.033003
-0.058197
-0.076209
-0.136536
-0.000706
0.042683
0.190479
-0.014835
-0.126015
-0.165623
-0.364966
-0.348326
-0.398358
-0.366648
-0.277671
-0.34245
-0.510883
-0.671575
-0.364713
-0.662687
-0.350454
-0.506378
-0.091942
-0.073928
-0.159344
-0.114096
-0.204401
-0.102584
0.051713
0.003639
0.242725
0.238605
0.414704
0.527229
0.536282
0.634074
0.665302
0.551155
0.399193
0.167583
0.102667
0.091993
0.03175
0.131216
0.056584
0.253405
0.246792
0.174347
0.114061
0.01198
-0.202469
-0.294705
-0.328708
-0.255502
-0.247439
-0.151556
-0.169018
0.094631
0.179072
0.139002
0.015077
-0.023081
-0.010959
-0.028653
0.032101
0.060302
0.086117
0.087664
0.031955
0.054561
0.003471
-0.230981
-0.213391
-0.277006
-0.376003
-0.214516
-0.108665
-0.203577
-0.349899
-0.0832
-0.25745
-0.014062
-0.146761
-0.011202
0.01869
-0.12704
-0.13491
-0.246549
-0.224479
-0.575674
-0.406034
-0.354724
-0.163626
-0.079618
-0.147128
0.07463
0.089061
-0.010722
0.164265
-0.161982
-0.108823
-0.365037
-0.49301
-0.519933
-0.395999
-0.358471
-0.131499
-0.102016
0.148419
-0.060331
0.048909
0.221054
0.343471
0.356739
0.274933
0.091723
0.192262
0.186882
0.403452
0.423983
0.603131
0.644253
0.594863
0.61473
0.72354
0.849085
0.90274
0.830859
0.692878
0.45331
0.291504
0.19819
0.289898
0.073749
-0.079847
-0.157655
-0.136912
-0.273148
-0.236464
-0.382962
-0.227276
-0.391357
-0.431137
-0.648606
-0.509217
-0.373866
-0.41302
-0.260226
-0.391917
-0.224321
-0.365093
-0.22884
-0.41701
-0.291491
-0.237296
-0.324177
-0.210433
-0.300548
-0.280618
-0.202034
-0.434567
-0.43628
-0.497036
-0.337148
-0.443827
-0.202037
-0.172401
0.021869
0.405945
0.330381
0.380224
0.593484
0.563275
0.627985
0.493668
0.457111
0.459919
0.152184
0.161046
0.099775
-0.074035
-0.085012
-0.173923
-0.145452
-0.071735
-0.146716
0.017458
-0.026873
0.092098
0.210756
0.381622
0.536586
0.520314
0.661961
0.669793
0.480256
0.344028
0.387518
0.322554
0.166067
0.08077
0.075111
0.080618
0.014923
0.025681
-0.039366
0.147911
0.08519
0.284549
0.122098
0.417347
0.101713
0.251431
0.231132
0.381651
0.314824
0.226512
0.238502
0.238506
0.245609
0.194059
0.126463
0.185964
-0.054043
0.085443
-0.071431
0.046036
-0.107026
-0.179707
-0.233675
-0.242802
-0.003197
-0.086295
-0.068282
0.045206
-0.020546
0.015372
0.043771
0.143333
0.14803
0.149341
0.128948
0.008854
-0.064331
-0.502022
-0.764125
-0.616022
-0.583792
-0.252048
0.006564
-0.00959
0.196879
0.082057
-0.088152
0.021752
-0.190509
-0.097033
0.005131
0.148642
0.231158
0.073567
0.124945
0.033439
0.027539
-0.045373
-0.001901
-0.023162
0.247551
0.125314
0.119906
-0.121301
0.030305
-0.156571
-0.20286
-0.294218
-0.284034
-0.228283
-0.202132
-0.059657
-0.199453
-0.020794
0.010256
0.060551
0.061615
0.026638
0.274957
0.252433
0.188201
0.051615
0.084239
0.211815
-0.026228
0.04458
-0.076357
-0.008994
-0.248746
-0.132285
-0.118587
-0.213753
-0.217431
-0.359984
-0.476072
-0.385979
-0.283712
-0.003977
-0.063359
0.049656
0.011237
0.091435
0.1515
0.179275
0.297849
0.331904
0.150962
0.080029
-0.018412
0.153241
0.214513
0.335194
0.333228
0.34675
0.199271
0.094947
0.057456
0.45242
0.06668
0.216529
-0.00013
-0.073141
-0.077716
-0.165035
-0.322021
-0.152832
-0.368079
-0.368513
-0.38963
-0.442655
-0.292582
-0.353742
-0.256669
-0.299879
-0.158949
-0.17509
-0.031457
0.270674
0.444772
0.584921
0.541894
0.593033
0.410371
0.224341
0.105213
-0.060211
0.104188
-0.085032
0.000504
-0.065706
0.079598
0.046452
-0.106691
-0.047326
-0.199582
-0.288621
-0.322104
-0.196749
-0.116276
-0.146563
-0.011849
-0.081936
0.003741
-0.057355
-0.189974
-0.26676
-0.366982
-0.296802
-0.323895
-0.252452
-0.06076
-0.130693
0.020682
0.045412
0.219479
0.263403
0.321026
0.340504
0.525636
0.570731
0.743176
0.78747
0.971874
0.840822
0.79053
0.968845
0.783161
0.767422
0.479687
0.536684
0.413523
0.561887
0.659354
0.66517
0.510553
0.844138
0.850682
1
0.883208
0.735747
0.91539
0.67546
0.48821
0.46172
0.205719
0.291162
0.118542
0.077696
-0.051695
0.1973
0.024292
0.117348
0.038397
-0.060571
-0.079741
-0.248116
-0.351318
-0.508642
-0.43886
-0.285841
-0.324733
-0.203136
-0.339714
-0.174409
-0.34925
-0.444341
-0.455943
-0.392252
-0.406252
-0.431362
-0.325777
-0.142726
-0.125162
0.032629
-0.043555
0.159533
0.088815
0.19999
0.179819
0.293009
0.417678
0.31123
0.326281
0.400151
0.451189
0.467567
0.574583
0.513518
0.610007
0.330183
0.374656
0.146166
0.299938
0.216636
0.112479
0.155629
0.259346
0.28691
0.263803
0.34243
0.502228
0.501653
0.614711
0.70664
0.555558
0.435709
0.175734
0.018084
0.10778
-0.108945
0.016677
-0.140043
-0.140355
-0.217501
-0.500702
-0.318667
-0.389463
-0.209343
-0.135337
-0.185473
-0.130564
0.053824
0.085466
0.175272
0.510048
0.406638
0.512601
0.54689
0.502144
0.543066
0.206848
0.096801
0.025202
-0.013188
0.070213
0.351176
0.58352
0.476954
0.440904
0.347591
0.086458
0.195886
0.128268
0.306964
0.055895
0.084307
-0.206861
-0.128693
-0.261274
-0.107325
-0.065688
0.167606
0.135458
0.438562
0.493809
0.683337
0.666971
0.640243
0.69338
0.515115
0.426602
0.398087
0.496842
0.667761
0.45868
0.380299
0.194421
0.012438
-0.204472
-0.22319
-0.175285
-0.058751
-0.121689
-0.169396
-0.446848
-0.482241
-0.372416
-0.495301
-0.439949
-0.569309
-0.256007
0.007651
0.102545
0.266042
0.055346
0.327314
0.217206
0.011911
-0.079653
-0.198679
-0.215292
-0.270516
-0.190089
-0.156029
-0.060322
-0.146226
-0.085366
-0.077011
0.038356
0.160935
-0.005964
0.014605
0.210129
-0.03335
0.194717
-0.011665
0.089268
-0.039587
-0.097707
-0.184512
0.001031
-0.012263
-0.087868
0.103335
0.198678
0.254435
0.286916
0.291255
0.221784
0.255665
0.071364
0.147074
0.10336
0.138615
0.044039
0.036748
0.046723
0.040041
0.169124
0.073016
0.127855
0.278493
0.093689
0.119663
0.080672
0.116061
-0.040378
0.012482
0.105746
0.207713
0.08274
0.264401
0.250612
0.310145
0.214977
0.126941
0.219309
0.092831
0.17374
0.216562
0.20626
0.379048
0.202385
0.454015
0.129479
0.164547
0.048943
0.084278
0.160078
0.195451
0.12768
0.239318
0.115883
0.244762
0.139861
0.258415
0.078655
0.099036
-0.021567
0.158467
-0.054001
-0.069551
0.031665
-0.247218
-0.236924
-0.442844
-0.38158
-0.361349
-0.370258
-0.291235
-0.230574
-0.286389
-0.244863
-0.387552
-0.418164
-0.420482
-0.59951
-0.63046
-0.504809
-0.453314
-0.4755
-0.33194
-0.428624
-0.448266
-0.296047
-0.466123
-0.413087
-0.521143
-0.503358
-0.57126
-0.64273
-0.746607
-0.756549
-0.699069
-0.890985
-0.940246
-0.944276
-0.800489
-0.571935
-0.4229
-0.455073
-0.256106
-0.010997
-0.051979
0.118042
-0.046649
0.174822
-0.089585
-0.251529
-0.300415
-0.074256
0.346315
0.372683
0.551546
0.630939
0.510107
0.54963
0.430877
0.429577
0.286398
0.154004
0.231832
0.0267
0.173069
-0.054232
-0.017172
-0.138776
0.055051
-0.179849
-0.142979
-0.219011
-0.082002
-0.052232
-0.201055
-0.138781
-0.124464
-0.225663
-0.037619
0.009575
0.130887
-0.101825
-0.345702
-0.338671
-0.333967
-0.350354
-0.111426
-0.248793
-0.184671
-0.370153
-0.320325
-0.275771
-0.076405
-0.073255
-0.004497
0.023816
-0.087614
-0.170025
-0.265745
-0.223725
-0.058788
-0.12347
0.168904
0.095439
0.01062
-0.076448
-0.041934
-0.277657
-0.135493
-0.195958
-0.139009
-0.162785
-0.102963
-0.022413
0.012493
0.147675
-0.153822
-0.048439
-0.068879
-0.165341
-0.030459
-0.076202
-0.093788
-0.092464
-0.272362
-0.064322
-0.223503
-0.017776
-0.138053
0.114823
0.107028
0.013722
0.084632
0.05835
0.20187
0.308336
0.473669
0.572508
0.713091
0.687085
0.580351
0.397456
0.120336
0.045549
-0.11365
-0.092757
-0.127728
-0.118725
-0.0618
-0.148558
-0.14898
-0.037107
-0.178278
-0.046189
0.032007
0.053378
0.30863
0.282756
0.338751
0.181682
0.178819
0.314031
0.159432
0.108044
0.169952
0.289063
0.139746
-0.033465
-0.231655
-0.324451
-0.395256
-0.693728
-0.565836
-0.493564
-0.130873
-0.009742
0.119018
0.018441
0.371469
0.186591
0.217346
0.08759
0.153525
0.114685
-0.030386
-0.116114
0.036733
-0.167977
-0.002901
-0.14602
-0.020306
-0.227594
-0.125485
-0.002493
-0.064778
0.128066
-0.178215
-0.120573
0.008004
-0.160178
-0.139049
-0.110122
0.004741
-0.13999
-0.063151
-0.165287
-0.189517
-0.27725
-0.343422
-0.482399
-0.518451
-0.587003
-0.508831
-0.307735
-0.272669
-0.253906
-0.183558
-0.200236
-0.146691
-0.153851
-0.284393
-0.285153
-0.365018
-0.233286
0.016766
0.027749
0.110659
-0.103344
-0.132325
-0.205419
-0.450008
-0.306441
-0.545795
-0.563167
-0.685921
-0.532485
-0.517095
-0.329074
-0.443824
-0.264501
-0.244594
-0.215451
-0.182036
-0.05259
0.07021
0.210041
0.293202
0.366838
0.376314
0.347597
0.490892
0.616352
0.609402
0.696467
0.553335
0.287575
0.404034
0.118773
0.23546
-0.038941
-0.140819
-0.286759
-0.562597
-0.447836
-0.460982
-0.301623
-0.399275
-0.392699
-0.287827
-0.335269
0.003618
0.091077
0.210906
0.16883
0.168518
0.121644
0.038065
-0.242875
-0.137124
-0.173663
-0.220775
-0.220655
-0.145698
-0.233624
-0.121498
-0.214778
-0.308951
-0.33244
-0.211695
-0.352423
-0.197491
0.018781
0.270233
0.127489
0.248701
-0.083826
0.234731
0.0343
-0.045411
-0.046641
0.02444
0.00418
-0.229844
-0.317528
-0.088761
0.081106
0.198208
0.289036
0.285658
0.32769
0.228283
0.265672
0.384166
0.368033
0.357513
0.371949
0.104556
-0.063204
-0.313041
-0.343147
-0.349187
-0.309806
-0.328848
-0.177046
-0.012343
-0.168179
-0.029431
-0.207883
-0.038584
-0.019361
-0.084823
0.121096
-0.131615
0.088059
0.053753
0.09235
0.124421
0.120501
0.237092
0.335582
0.369189
0.417644
0.488637
0.594758
0.453766
0.480102
0.427414
0.310737
0.250431
0.262876
0.174336
0.219231
0.146906
0.429151
0.542974
0.642374
0.644534
0.69173
0.508399
0.443677
0.262124
-0.017526
0.029054
-0.147252
0.041732
-0.073384
0.090551
-0.006846
-0.001218
-0.118774
-0.14009
-0.062021
-0.032509
-0.111418
0.219816
-0.001656
-0.129914
-0.211726
-0.349765
-0.513056
-0.438441
-0.56942
-0.606435
-0.713653
-0.661948
-0.565846
-0.543299
-0.443382
-0.502802
-0.445992
-0.233432
-0.180887
0.088317
-0.02859
0.060164
-0.186529
0.051013
-0.04187
0.133574
0.157341
0.064635
0.251189
0.120491
0.017847
-0.040011
-0.341514
-0.188836
-0.355335
-0.294348
-0.18363
0.022205
0.040723
-0.073044
-0.144443
0.047931
-0.028762
-0.107001
-0.153456
-0.059343
-0.065292
-0.279927
-0.324489
-0.43146
-0.262742
-0.497741
-0.412503
-0.391938
-0.294432
-0.497764
-0.423507
-0.449002
-0.409236
-0.356311
-0.479556
-0.321755
-0.086302
0.149314
0.48252
0.412706
0.305635
0.111069
-0.012615
-0.043819
-0.204296
-0.185389
-0.152427
-0.051085
-0.041053
0.013042
0.235225
0.290215
0.299927
0.31162
0.170407
-0.016146
0.21125
0.044089
0.146421
-0.038086
-0.197992
-0.150643
-0.365673
-0.374189
-0.387618
-0.168885
-0.241943
-0.137179
-0.058377
-0.124085
0.084764
0.122249
0.182709
0.129576
0.140251
0.256115
0.008316
0.305975
0.23663
0.239452
0.251414
0.234475
0.050912
0.114705
-0.088391
0.277612
0.118489
0.190831
-0.000432
0.012297
-0.086205
-0.066797
-0.099478
-0.085324
-0.018747
0.03513
0.16878
0.304765
0.384414
0.456123
0.381636
0.317506
0.081873
0.02468
-0.071093
-0.024856
-0.055848
-0.112291
-0.092208
-0.234156
-0.224819
-0.133474
-0.328807
-0.186115
-0.350554
-0.374352
-0.463921
-0.469612
-0.566701
-0.570487
-0.638442
-0.623685
-0.677903
-0.861074
-0.851934
-0.844733
-0.567183
-0.644274
-0.479332
-0.433573
-0.575289
-0.599085
-0.77166
-0.482317
-0.346483
-0.449434
-0.237941
-0.265088
-0.218072
-0.600751
-0.670573
-0.829648
-0.554648
-0.658838
-0.714163
-0.514534
-0.388226
-0.380032
-0.17614
-0.178725
0.004975
0.010036
-0.000947
0.132227
-0.034184
0.096357
-0.121595
-0.02583
0.09625
0.239204
0.547082
0.599914
0.459631
0.560791
0.619164
0.478156
0.440485
0.406461
0.218162
0.183475
0.139253
0.214115
0.213757
0.260464
0.266035
0.137473
0.149299
0.1485
0.138558
-0.018957
-0.253364
-0.237568
-0.426046
-0.164953
-0.269081
-0.190665
-0.279848
-0.184999
-0.27858
-0.354167
-0.629258
-0.481528
-0.427955
-0.358987
-0.238383
-0.21654
-0.146444
0.017309
-0.144073
0.112909
-0.061301
0.190085
0.056084
0.323702
0.303985
0.247719
0.328763
0.187695
0.125617
0.055583
-0.016202
-0.021672
-0.067453
-0.201954
-0.215282
-0.219447
-0.081989
-0.03049
0.077253
-0.07867
0.040436
0.051958
0.004359
0.238931
0.09258
0.279071
0.318775
0.258768
0.431709
0.409994
0.384965
0.319888
0.183849
0.027504
-0.051845
0.121181
0.304731
0.305397
0.300684
0.225165
0.109793
0.034435
0.03002
-0.03887
0.27666
0.082832
0.216645
0.29103
0.37442
0.28881
0.30807
0.420074
0.448225
0.472679
0.414714
0.556244
0.802938
0.640625
0.491721
0.419129
0.349832
0.083932
0.092132
0.129718
0.299923
0.16905
0.051189
0.048552
-0.339416
-0.160033
-0.482004
-0.42712
-0.529967
-0.494045
-0.583672
-0.670493
-0.59775
-0.29905
-0.228713
-0.08745
-0.101356
0.136997
0.205631
0.320353
0.373435
0.216295
0.245614
0.200805
0.124874
0.202184
0.241055
0.37123
0.230123
0.334512
0.076458
0.134551
0.052721
-0.001716
0.179806
0.247834
0.175524
0.303883
0.020707
0.124604
-0.063385
-0.052499
-0.165756
-0.209404
-0.342598
-0.080497
-0.071281
-0.074467
-0.041882
-0.070363
0.018216
-0.088876
-0.118579
-0.073856
-0.035918
0.16145
0.06046
0.16239
0.160627
0.091068
0.11322
0.098183
0.128594
0.130068
0.251227
-0.069492
-0.017547
-0.120677
0.087028
0.092197
0.305969
0.20716
0.250847
0.541358
0.608401
0.922
0.854264
0.709401
0.724758
0.520348
0.393004
0.229754
0.132653
0.18508
0.054845
0.140416
0.089311
-0.107632
-0.17307
-0.410562
-0.366041
-0.446141
-0.283872
-0.24244
-0.087171
-0.032125
-0.16598
-0.027821
0.12964
0.072213
0.016355
0.00314
0.148306
-0.071446
-0.132512
-0.06475
-0.007113
0.034082
-0.242275
-0.114473
-0.409057
-0.575404
-0.592271
-0.493278
-0.417529
-0.154581
-0.211555
-0.074231
0.066273
0.013598
-0.062945
-0.103981
-0.265677
-0.07067
-0.432721
-0.31778
-0.492072
-0.357209
-0.509705
-0.443583
-0.383213
-0.031879
0.244659
0.44619
0.585502
0.585135
0.620199
0.426226
0.399374
0.315492
0.245156
0.348371
0.174895
0.310248
0.380679
0.479973
0.303203
0.222411
0.241308
0.205812
0.213226
0.290394
0.07054
0.305981
0.066228
0.054113
0.142595
0.069425
0.166038
0.15266
0.091764
-0.047497
-0.077937
0.077526
0.126136
0.22729
0.230512
0.19181
0.241326
0.070141
0.143844
-0.030077
0.096523
-0.107633
-0.165759
-0.221009
-0.317123
-0.304069
-0.331349
-0.353807
-0.250425
-0.196032
-0.067828
-0.164702
0.130058
0.236364
0.302065
0.156261
0.112894
-0.078992
0.069727
0.115578
0.044209
0.210342
-0.084491
0.045344
-0.066135
-0.016665
0.101655
0.205067
0.314052
0.530557
0.477239
0.431742
0.729045
0.774118
0.828072
0.82157
0.963733
0.920212
0.86052
0.964068
0.943717
0.867526
0.709658
0.591344
0.523335
0.309909
0.202496
0.304813
0.059526
-0.035996
-0.503262
-0.442207
-0.490112
-0.395963
-0.421958
-0.38775
-0.187339
-0.011748
-0.094194
0.213861
0.007183
0.235573
0.087627
-0.001136
-0.112048
-0.205406
-0.484832
-0.588151
-0.447154
-0.334382
-0.249227
-0.060313
-0.149625
0.059223
-0.073294
-0.058925
-0.186436
-0.226989
-0.275075
-0.3227
-0.03699
0.16133
0.456891
0.42595
0.365761
0.144675
0.244394
0.16759
0.082887
0.143949
0.158311
0.338843
0.121794
0.222297
0.169468
0.204373
0.257826
0.16554
0.259435
0.41391
0.393601
0.454672
0.592782
0.403328
0.483223
0.35744
0.241489
0.244774
0.201205
0.123192
0.125648
-0.164238
-0.098031
-0.333473
-0.349034
-0.421241
-0.349165
-0.21784
-0.06621
0.130628
0.168097
0.217683
0.47444
0.368109
0.474808
0.442319
0.461409
0.512245
0.260316
0.189035
-0.136607
-0.051895
0.044876
-0.002209
0.11839
0.125684
0.124175
0.039764
-0.06622
0.162472
0.005913
-0.005898
-0.182827
-0.045854
-0.368873
-0.220116
-0.216931
-0.250766
-0.25488
-0.332223
-0.322991
-0.35447
-0.419822
-0.442227
-0.206912
-0.247253
-0.359909
-0.279817
-0.302373
-0.240909
-0.515964
-0.399069
-0.516057
-0.221531
-0.141526
-0.058569
-0.101247
-0.14367
-0.41522
-0.357805
-0.464001
-0.36749
-0.445512
-0.308395
-0.194223
-0.066707
-0.142537
0.025062
0.035704
0.233344
0.230626
0.045604
0.275462
0.291441
0.191978
0.281258
0.128578
0.149277
0.070228
-0.186716
-0.214224
-0.353263
-0.271929
-0.447946
-0.443409
-0.47257
-0.39666
-0.115
-0.060618
0.083354
0.189538
0.059636
0.253455
0.146219
0.484382
0.470922
0.399441
0.344834
0.246973
0.225151
-0.045023
0.08279
0.18955
0.395144
0.381029
0.365347
0.250173
0.168263
0.262668
0.068413
0.194603
0.175331
0.288435
0.237777
0.41915
0.428071
0.525212
0.328636
0.105486
0.043913
-0.072349
0.10053
0.232461
0.10593
0.136485
0.14653
0.051999
0.042708
0.004787
0.000051
-0.1701
-0.046964
-0.157001
-0.209891
-0.298671
-0.242437
-0.409964
-0.358412
-0.526055
-0.469699
-0.594298
-0.792154
-0.796264
-0.476179
-0.532609
-0.326269
-0.419858
-0.134604
-0.134343
-0.155106
0.056471
0.051348
0.006181
0.141897
-0.068386
0.141806
0.062944
0.1935
0.258668
0.2635
0.234674
0.15809
0.473236
0.35417
0.35306
0.281771
-0.001548
0.027756
-0.298544
-0.233354
-0.258782
-0.011235
-0.106743
0.012816
-0.04052
0.062249
-0.047031
-0.116318
-0.045652
-0.023267
0.016891
-0.051471
0.059266
0.136464
0.197932
0.164618
0.171351
0.116699
0.110204
0.12056
0.222459
0.242064
0.227124
-0.001607
0.191949
0.052573
0.026295
-0.027389
-0.128921
-0.168719
-0.145312
-0.357063
-0.445889
-0.514452
-0.388538
-0.360507
-0.387866
-0.363023
-0.155511
-0.17677
-0.288894
-0.411125
-0.475547
-0.442543
-0.415886
-0.253037
-0.304869
-0.213679
-0.153404
-0.347845
-0.143392
0.000311
-0.184486
-0.050124
-0.308416
-0.235923
-0.384222
-0.465512
-0.287411
-0.460091
-0.2504
-0.358758
-0.170259
-0.008981
0.18414
0.289859
0.154523
0.252668
0.101884
0.286224
0.114853
0.207461
0.386217
0.652253
0.495259
0.675961
0.527912
0.467752
0.43617
0.494834
0.407168
0.47092
0.325722
0.430449
0.19908
0.065826
-0.164808
-0.028474
-0.09003
0.029749
0.182059
0.394056
0.333093
0.127382
0.006143
-0.015972
-0.126366
-0.140202
-0.274479
-0.173687
-0.14533
-0.098862
0.094605
0.155908
0.255389
0.288952
0.216391
0.208403
0.190039
0.082739
0.196707
0.27228
0.201241
0.20902
0.067968
-0.11159
-0.215168
-0.320717
-0.228877
-0.161782
-0.266763
-0.217174
-0.243398
0.21766
0.15219
0.177712
0.233222
0.020868
0.274567
-0.057643
0.191653
0.136908
0.055842
-0.041848
0.020028
0.008831
0.144538
0.245159
0.219101
0.095272
0.025028
-0.181419
-0.289505
-0.298674
-0.197942
-0.171612
-0.100106
-0.029271
-0.007302
-0.104837
-0.096427
-0.116689
-0.183087
-0.049154
-0.210216
-0.211194
-0.214802
-0.27631
-0.375066
-0.340116
-0.357028
-0.300338
-0.402763
-0.484446
-0.41213
-0.180751
-0.307368
-0.26402
-0.287491
-0.171746
-0.100197
0.014051
0.102066
0.18362
0.26755
0.347399
0.253486
0.290613
0.310767
0.33356
0.306426
0.243107
0.215197
0.285181
0.287186
0.516663
0.727006
0.829647
0.712369
0.789572
0.502402
0.593308
0.151917
0.237282
0.132501
0.055267
0.058071
-0.018986
0.096912
0.050751
0.114954
0.210875
0.121479
0.280393
0.335174
0.461425
0.547662
0.426588
0.358106
0.314663
0.146221
0.012837
0.018411
0.013722
0.074629
-0.03575
-0.06529
-0.043057
0.031372
-0.028284
-0.001859
0.008566
0.049231
0.163182
0.197656
0.216599
0.290938
0.208855
0.230086
0.237568
0.266688
0.208416
0.138026
0.162215
0.107033
0.060349
0.124117
0.165725
0.029021
-0.015322
0.025416
-0.035079
0.02209
-0.007675
-0.016743
0.035998
0.037727
-0.084789
-0.044627
-0.117699
-0.0518
-0.160633
-0.128248
-0.179278
-0.115388
-0.1358
-0.165974
-0.118861
-0.214481
-0.22841
-0.456698
-0.341596
-0.409319
-0.216495
-0.082403
-0.12172
-0.008357
-0.032685
-0.068268
-0.051755
-0.186881
-0.103747
-0.254189
-0.20897
-0.20852
-0.176177
-0.250807
-0.256671
-0.232
-0.135292
-0.202139
-0.138576
-0.169269
-0.160201
-0.175974
-0.230976
-0.248178
-0.219774
-0.294654
-0.234851
-0.243849
-0.205244
-0.169239
-0.151432
-0.23399
-0.177569
-0.089364
-0.107021
-0.142743
-0.143164
-0.117415
-0.007077
-0.084126
-0.032838
-0.057424
-0.081852
-0.182558
-0.147155
-0.133406
-0.010095
0.000983
0.028678
-0.010917
-0.035394
-0.05777
0.018634
0.073089
0.013738
-0.010613
-0.154162
-0.095514
-0.2408
-0.182447
-0.171362
-0.13311
-0.080345
0.008232
0.034627
0.012043
0.080221
0.035496
0.084156
0.177335
0.106057
0.208503
0.222587
0.349944
0.257797
0.197329
0.227761
0.132656
0.137178
0.086404
0.078712
0.152659
0.085089
0.047345
0.026174
-0.046838
-0.029968
-0.030105
-0.027151
-0.030893
-0.050368
-0.032847
-0.031926
-0.000483
0.05739
0.09017
0.18799
0.193325
0.173016
0.204625
0.214542
0.242473
0.164741
0.091882
0.028838
-0.047023
-0.125107
-0.139078
-0.085609
-0.104233
-0.034077
-0.095014
-0.111812
-0.152393
-0.139906
-0.227137
-0.141227
-0.18968
-0.070597
-0.104102
-0.059322
-0.047445
0.035988
-0.027355
-0.087145
-0.088433
-0.106546
-0.059077
-0.043643
-0.022852
0.008298
-0.086937
-0.04934
-0.080199
-0.012178
-0.01477
0.033653
0.032006
0.031794
0.063455
0.034483
0.073607
0.018242
0.023587
0.021826
-0.071249
-0.024259
-0.082518
-0.128883
-0.144244
-0.172785
-0.110215
-0.092361
-0.116243
-0.093872
-0.060875
0.003327
-0.045916
-0.035773
0.050099
0.036527
0.040039
0.05541
-0.005268
-0.020792
-0.07853
-0.143889
-0.168525
-0.22215
-0.23107
-0.308823
-0.267548
-0.29633
-0.267482
-0.31238
-0.312487
-0.351019
-0.304767
-0.288309
-0.20398
-0.191994
-0.173715
-0.112308
-0.025922
0.021071
0.031322
0.080483
0.023206
-0.000283
-0.098737
-0.140499
-0.154694
-0.194959
-0.15213
-0.110904
-0.065798
-0.056279
-0.031566
-0.019091
-0.015706
0.024517
-0.056382
0.015211
0.011951
0.026122
0.0195
0.02246
0.043041
0.029793
0.011686
-0.02282
-0.019128
0.006763
0.02071
0.076337
0.011818
0.012644
-0.009689
-0.001793
0.01252
-0.023301
-0.010473
0.017951
-0.017876
0.032409
-0.017405
-0.009252
-0.034322
-0.051937
-0.080354
-0.057442
-0.070235
0.006881
-0.060874
-0.037043
-0.055938
-0.000073
-0.005648
-0.013328
0.021048
0.022396
-0.000838
0.017698
0.040589
0.064134
0.108577
0.077548
0.063738
0.035773
0.02315
-0.00169
0.036839
0.080706
0.10229
0.161006
0.165462
0.180447
0.197095
0.225479
0.210849
0.186879
0.222377
0.178749
0.19241
0.166232
0.192257
0.200693
0.176477
0.179605
0.165713
0.160098
0.122265
0.148499
0.149486
0.127777
0.109056
0.027232
0.037809
0.018169
0.010333
0.018946
0.039154
0.065856
0.062873
0.029987
0.015822
0.001286
-0.021275
-0.086928
-0.054689
-0.088634
-0.079672
-0.071044
-0.077328
-0.063026
-0.060934
-0.064933
-0.050488
-0.065341
-0.046526
0.005531
-0.007755
0.029433
-0.039462
-0.020001
-0.018849
0.00157
0.014513
0.032034
0.016433
0.012764
-0.031442
-0.013093
0.004509
0.019995
0.015793
0.010692
0.026791
0.021175
0.000915
0.021826
0.004004
0.029569
0.012935
0.042699
0.027611
0.038992
0.011977
0.016511
0.017357
-0.016878
-0.005366
-0.005057
0.003289
0.030523
0.033998
0.03082
-0.012934
0.024238
-0.005285
-0.001308
-0.019163
-0.027531
-0.035971
-0.017106
-0.005031
-0.00116
0.010861
0.026828
0.025147
0.06531
0.029472
0.032479
0.031957
0.015291
-0.008171
-0.05416
-0.047108
-0.057188
-0.061829
-0.092082
-0.064785
-0.055283
-0.030958
-0.027583
-0.03006
-0.074542
-0.062294
-0.096041
-0.098616
-0.084859
-0.09108
-0.058622
-0.078222
-0.090193
-0.076222
-0.102595
-0.112994
-0.115259
-0.105712
-0.084015
-0.084436
-0.082673
-0.067929
-0.081158
-0.062195
-0.084116
-0.080316
-0.069492
-0.081092
-0.069149
-0.061635
-0.029158
-0.042461
-0.042688
-0.030309
-0.009903
0.019345
0.030185
0.067921
0.062513
0.060567
0.033181
0.035036
0.048166
0.028213
0.038424
0.024312
0.035169
0.03279
0.0285
0.022842
0.024453
0.015136
-0.001996
-0.021615
-0.019304
-0.04993
-0.027017
-0.057718
-0.043209
-0.066349
-0.038722
-0.041383
-0.025907
-0.03225
-0.029747
-0.006751
0.021591
0.015649
0.053707
0.078125
0.068427
0.061228
0.049789
0.038804
0.023314
0.010037
-0.003075
-0.014187
0.001645
-0.012552
0.0105
0.006303
0.013778
0.02344
0.007855
0.002741
0.003035
-0.014806
-0.000463
-0.007767
-0.020519
-0.010589
-0.040164
-0.036149
-0.02257
-0.018759
-0.003428
-0.01984
-0.005943
-0.021277
-0.017316
-0.004279
0.013071
0.029315
0.024784
0.038808
0.023158
0.018488
-0.007494
-0.001193
-0.006912
-0.009735
-0.003841
-0.005476
-0.022519
-0.029981
-0.042904
-0.024202
-0.037852
-0.023544
-0.04757
-0.041211
-0.023771
-0.006545
-0.000426
-0.012427
-0.007093
-0.015412
-0.006541
-0.017459
-0.013459
0.000111
0.009659
0.005783
0.000239
-0.008475
0.003605
0.000311
-0.007442
-0.00572
0.002337
0.016178
0.019796
0.048888
0.071298
0.069469
0.0763
0.056849
0.057883
0.04484
0.037441
0.030591
0.038761
0.029213
0.020883
0.02838
0.041809
0.035887
0.043237
0.03076
0.019232
0.029334
0.016437
0.017366
0.038468
0.012181
0.021097
-0.010714
-0.001314
-0.02011
-0.029972
-0.032474
-0.022773
-0.02608
-0.01445
-0.012913
-0.01499
-0.023161
-0.011585
-0.010588
0.008852
0.009207
0.024351
0.023809
0.015947
0.009948
-0.004142
0.009474
-0.003979
0.00242
0.008703
0.02355
0.031419
0.025585
0.022612
0.014144
0.013603
0.008866
0.003859
0.000973
0.004801
0.010973
0.01263
0.010375
0.016234
0.02037
0.019279
0.01671
0.016309
0.021452
-0.001753
-0.003066
-0.010624
-0.015164
-0.012511
-0.009055
-0.002706
-0.009071
-0.01176
-0.01186
-0.015436
-0.01138
-0.01739
-0.017678
-0.025742
-0.032703
-0.040438
-0.032725
-0.03912
-0.0252
-0.034731
-0.03027
-0.033149
-0.027949
-0.021431
-0.026362
-0.009782
-0.023566
-0.020224
-0.008463
-0.011744
0.00313
0.01067
0.005331
0.020548
0.017832
0.024302
0.017431
0.020346
0.006183
0.014607
-0.002591
-0.004981
-0.007007
-0.007551
-0.011811
-0.030753
-0.031534
-0.032763
-0.042538
-0.045123
-0.043332
-0.023964
-0.017965
-0.011586
-0.018091
-0.013967
-0.011184
-0.0119
-0.02478
-0.019425
-0.020936
-0.013443
-0.012236
-0.001714
-0.010054
-0.017523
-0.019453
-0.016629
-0.013726
-0.017261
-0.020898
-0.018619
-0.031011
-0.032037
-0.045126
-0.036011
-0.037117
-0.028691
0
0
0
0
0
0
0
0
0
0
0
0
0
0
0
0
0
0
0
0
0
0
0
0
0
0
0
0
0
0
0
0
0
0
0
0
0
0
0
0
0
0
0
0
0
0
0
0
0
0
0
0
0
0
0
0
0
0
0
0
0
0
0
0
0
0
0
0
0
0
0
0
0
0
0
0
0
0
0
0
0
0
0
0
0
0
0
0
0
0
0
0
0
0
0
0
0
0
0
0
0
0
0
0
0
0
0
0
0
0
0
0
0
0
0
0
0
0
0
0
0
0
0
0
0
0
0
0
0
0
0
0
0
0
0
0
0
0
0
0
0
0
0
0
0
0
0
0
0
0
0
0
0
0
0
0
0
0
0
0
0
0
0
0
0
0
0
0
0
0
0
0
0
0
0
0
0
0
0
0
0
0
0
0
0
0
0
0
0
0
0
0
0
0
0
0
0
0
0
0
0
0
0
0
0
0
0
0
0
0
0
0
0
0
0
0
0
0
0
0
0
0
0
0
0
0
0
0
0
0
0
0
0
0
0
0
0
0
0
0
0
0
0
0
0
0
0
0
0
0
0
0
0
0
0
0
0
0
0
0
0
0
0
0
0
0
0
0
0
0
0
0
0
0
0
0
0
0
0
0
0
0
0
0
0
0
0
0
0
0
0
0
0
0
0
0
0
0
0
0
0
0
0
0
0
0
0
0
0
0
0
0
0
0
0
0
0
0
0
0
0
0
0
0
0
0
0
0
0
0
0
0
0
0
0
0
0
0
0
0
0
0
0
0
0
0
0
0
0
0
0
0
0
0
0
0
0
0
0
0
0
0
0
0
0
0
0
0
0
0
0
0
0
0
0
0
0
0
0
0
0
0
0
0
0
0
0
0
0
0
0
0
0
0
0
0
0
0
0
0
0
0
0
0
0
0
0
0
0
0
0
0
0
0
0
0
0
0
0
0
0
0
0
0
0
0
0
0
0
0
0
0
0
0
0
0
0
0
0
0
0
0
0
0
0
0
0
0
0
0
0
0
0
0
0
0
0
0
0
0
0
0
0
0
0
0
0
0
0
0
0
0
0
0
0
0
0
0
0
0
0
0
0
0
0
0
0
0
0
0
0
0
0
0
0
0
0
0
0
0
0
0
0
0
0
0
0
0
0
0
0
0
0
0
0
0
0
0
0
0
0
0
0
0
0
0
0
0
0
0
0
0
0
0
0
0
0
0
0
0
0
0
0
0
0
0
0
0
0
0
0
0
0
0
0
0
0
0
0
0
0
0
0
0
0
0
0
0
0
0
0
0
0
0
0
0
0
0
0
0
0
0
0
0
0
0
0
0
0
0
0
0
0
0
0
0
0
0
0
0
0
